# Block size = 32
1 1951
2 1936
3 1975
4 1951
5 1963
6 1952
7 1963
8 1941
9 1982
10 1972
11 2002
12 1990
13 1989
14 2002
15 1998
16 1991
17 2082
18 2036
19 2016
20 2052
21 2035
22 2046
23 2058
24 2039
25 2064
26 2065
27 2042
28 2037
29 2073
30 2054
31 2038
32 2027
33 2555
34 2508
35 2527
36 2516
37 2492
38 2500
39 2495
40 2470
41 2487
42 2481
43 2513
44 2508
45 2523
46 2500
47 2477
48 2519
49 2496
50 2497
51 2502
52 2486
53 2520
54 2527
55 2520
56 2499
57 2523
58 2532
59 2509
60 2511
61 2525
62 2524
63 2520
64 2519
65 3249
66 3278
67 3267
68 3233
69 3240
70 3250
71 3240
72 3241
73 3275
74 3247
75 3275
76 3262
77 3251
78 3248
79 3249
80 3290
81 3222
82 3261
83 3266
84 3271
85 3248
86 3250
87 3254
88 3259
89 3617
90 3220
91 3276
92 3284
93 3269
94 3271
95 3253
96 3245
97 3862
98 3867
99 3873
100 3807
101 3865
102 3968
103 3866
104 3867
105 3913
106 3828
107 3877
108 3917
109 3847
110 3880
111 3879
112 3868
113 3887
114 3882
115 3846
116 3880
117 3873
118 3879
119 3888
120 3859
121 3865
122 3907
123 3889
124 3914
125 3909
126 3939
127 3947
128 3889
129 4560
130 4571
131 4573
132 4587
133 4594
134 4576
135 4616
136 4646
137 4679
138 4598
139 4634
140 4603
141 4650
142 4560
143 4658
144 4764
145 4634
146 4769
147 4640
148 4626
149 4648
150 4734
151 4754
152 4834
153 4781
154 4842
155 4829
156 4847
157 4909
158 4871
159 4902
160 4914
161 5558
162 5496
163 5558
164 5619
165 5460
166 5515
167 5402
168 5546
169 5506
170 5352
171 5509
172 5520
173 5500
174 5394
175 5495
176 5774
177 5602
178 5628
179 5589
180 5565
181 5631
182 5574
183 5548
184 5603
185 5638
186 5653
187 5649
188 5603
189 5633
190 5636
191 5632
192 5618
193 6147
194 6153
195 6226
196 6275
197 6197
198 6254
199 6237
200 6190
201 6135
202 6231
203 6295
204 6185
205 6190
206 6199
207 6245
208 6235
209 6143
210 6254
211 6238
212 6227
213 6213
214 6223
215 6227
216 6188
217 6169
218 6155
219 6237
220 6192
221 6201
222 6245
223 6213
224 6223
225 6825
226 6818
227 6808
228 6803
229 6846
230 6804
231 6795
232 6813
233 6815
234 6716
235 6840
236 6833
237 6798
238 6827
239 6799
240 6758
241 6766
242 6847
243 6789
244 6801
245 6810
246 6839
247 6819
248 6831
249 6850
250 6804
251 6846
252 6853
253 6832
254 6798
255 6710
256 6837
